0.330066 0.000000 0.000000
0.319121 0.000000 0.000000
0.308176 0.000000 0.000000
0.297231 0.000000 0.000000
0.286285 0.000000 0.000000
0.275340 0.000000 0.000000
0.264395 0.000000 0.000000
0.253449 0.000000 0.000000
0.242504 0.000000 0.000000
0.231559 0.000000 0.000000
0.220613 0.000000 0.000000
0.209668 0.000000 0.000000
0.198723 0.000000 0.000000
0.187777 0.000000 0.000000
0.176832 0.000000 0.000000
0.165887 0.000000 0.000000
0.154941 0.000000 0.000000
0.143996 0.000000 0.000000
0.133051 0.000000 0.000000
0.122105 0.000000 0.000000
0.111160 0.000000 0.000000
0.100215 0.000000 0.000000
0.089269 0.000000 0.000000
0.078324 0.000000 0.000000
0.067379 0.000000 0.000000
0.056433 0.000000 0.000000
0.045488 0.000000 0.000000
0.034543 0.000000 0.000000
0.023597 0.000000 0.000000
0.012652 0.000000 0.000000
0.001707 0.000000 0.000000
-0.009239 0.000000 0.000000
-0.020184 0.000000 0.000000
-0.031129 0.000000 0.000000
-0.042075 0.000000 0.000000
-0.053020 0.000000 0.000000
-0.063965 0.000000 0.000000
-0.074911 0.000000 0.000000
-0.085856 0.000000 0.000000
-0.096801 0.000000 0.000000
-0.107747 0.000000 0.000000
-0.118692 0.000000 0.000000
-0.129637 0.000000 0.000000
-0.140583 0.000000 0.000000
-0.151528 0.000000 0.000000
-0.162473 0.000000 0.000000
-0.173419 0.000000 0.000000
-0.184364 0.000000 0.000000
-0.195309 0.000000 0.000000
-0.206255 0.000000 0.000000
0.000000 0.000000 0.331074
0.000000 0.000000 0.320096
0.000000 0.000000 0.309118
0.000000 0.000000 0.298140
0.000000 0.000000 0.287162
0.000000 0.000000 0.276183
0.000000 0.000000 0.265205
0.000000 0.000000 0.254227
0.000000 0.000000 0.243249
0.000000 0.000000 0.232271
0.000000 0.000000 0.221293
0.000000 0.000000 0.210314
0.000000 0.000000 0.199336
0.000000 0.000000 0.188358
0.000000 0.000000 0.177380
0.000000 0.000000 0.166402
0.000000 0.000000 0.155424
0.000000 0.000000 0.144445
0.000000 0.000000 0.133467
0.000000 0.000000 0.122489
0.000000 0.000000 0.111511
0.000000 0.000000 0.100533
0.000000 0.000000 0.089555
0.000000 0.000000 0.078576
0.000000 0.000000 0.067598
0.000000 0.000000 0.056620
0.000000 0.000000 0.045642
0.000000 0.000000 0.034664
0.000000 0.000000 0.023685
0.000000 0.000000 0.012707
0.000000 0.000000 0.001729
0.000000 0.000000 -0.009249
0.000000 0.000000 -0.020227
0.000000 0.000000 -0.031205
0.000000 0.000000 -0.042184
0.000000 0.000000 -0.053162
0.000000 0.000000 -0.064140
0.000000 0.000000 -0.075118
0.000000 0.000000 -0.086096
0.000000 0.000000 -0.097074
0.000000 0.000000 -0.108053
0.000000 0.000000 -0.119031
0.000000 0.000000 -0.130009
0.000000 0.000000 -0.140987
0.000000 0.000000 -0.151965
0.000000 0.000000 -0.162943
0.000000 0.000000 -0.173922
0.000000 0.000000 -0.184900
0.000000 0.000000 -0.195878
0.000000 0.000000 -0.206856
